1.Dana jest liczba binarna 1011001. Skonwertuj te liczbę na dziesiętną

1011001
1001101
0123456
1
 2
  4
   8
    16
     32
      64

1+8+16+64
89
Skonwertuj 89 na binarny
89|1
44|0
22|0
11|1
5 |1
2 |0
1 |1

1011001

Skonwertuj liczbe dziesiętną 133,345 na liczbe binarna

133|1
66 |0
33 |1
16 |0
8  |0
4  |0
2  |0
1  |1
10000101

0.345|0
0.69 |1
0.38 |0
____________
0.76 |1
0.52 |1
0.04 |0
0.08 |0
0.16 |0
0.32 |0
0.64 |1
0.28 |0
0.56 |1
0.12 |0
0.24 |0
0.48 |0
0.96 |1
0.92 |1
0.84 |1
0.68 |1
0.36 |0
0.72 |1
0.44 |0
0.88 |1

0.010(11000010100011110101)
Wynik pracy:
10000101.010(11000010100011110101)
	 00100100010010010001001